0.999692
0.999692
0.999692
0.999692
0.999692
2.36654e-08
2.36654e-08
2.36654e-08
2.36654e-08
2.36654e-08
2.36654e-08
2.36654e-08
0.999692
0.999692
0.999692
0.999692
0.999692
2.36714e-08
2.36714e-08
2.36714e-08
2.36714e-08
2.36714e-08
2.36714e-08
0.999692
0.999692
0.999692
0.999692
2.36762e-08
2.36762e-08
2.36762e-08
0.999692
0.999692
0.999692
0.999692
0.999692
0.999692
2.36834e-08
2.36834e-08
2.36834e-08
2.36834e-08
2.36834e-08
2.36834e-08
2.36834e-08
2.36834e-08
2.36834e-08
0.999692
0.999692
0.999692
0.999692
0.999692
0.999692
2.36906e-08
2.36906e-08
2.36906e-08
2.36906e-08
2.36906e-08
2.36906e-08
2.36906e-08
2.36906e-08
0.999692
0.999692
0.999692
0.999692
0.999692
0.999692
2.36978e-08
2.36978e-08
0.999692
2.3699e-08
2.3699e-08
2.3699e-08
0.999692
0.999692
0.999692
0.999692
0.999692
0.999692
0.999692
0.999692
2.37087e-08
